[gd_scene load_steps=16 format=2]

[ext_resource path="res://Trees/Tree2.tscn" type="PackedScene" id=1]
[ext_resource path="res://Trees/Tree3.tscn" type="PackedScene" id=2]
[ext_resource path="res://VegetableRain_Assets/World/grass_leafs.glb" type="PackedScene" id=3]
[ext_resource path="res://VegetableRain_Assets/World/grass_large.glb" type="PackedScene" id=4]
[ext_resource path="res://Trees/Tree4.tscn" type="PackedScene" id=5]
[ext_resource path="res://Trees/Tree1.tscn" type="PackedScene" id=6]
[ext_resource path="res://player/Player.tscn" type="PackedScene" id=7]
[ext_resource path="res://Level/Level.gd" type="Script" id=8]
[ext_resource path="res://VegetableRain_Assets/World/rock_largeB.glb" type="PackedScene" id=9]
[ext_resource path="res://VegetableRain_Assets/World/rock_largeE.glb" type="PackedScene" id=10]
[ext_resource path="res://VegetableRain_Assets/World/rock_largeA.glb" type="PackedScene" id=11]
[ext_resource path="res://VegetableRain_Assets/World/rock_largeC.glb" type="PackedScene" id=12]
[ext_resource path="res://VegetableRain_Assets/World/rock_largeD.glb" type="PackedScene" id=13]
[ext_resource path="res://VegetableRain_Assets/Audio/07 - Town.ogg" type="AudioStream" id=14]

[sub_resource type="SpatialMaterial" id=1]
albedo_color = Color( 0.12549, 0.521569, 0.298039, 1 )

[node name="Level" type="Spatial"]
script = ExtResource( 8 )

[node name="Trees" type="Spatial" parent="."]

[node name="Tree1" parent="Trees" instance=ExtResource( 6 )]
transform = Transform( 1, 0, 0, 0, 0.996483, 0.0837996, 0, -0.0837996, 0.996483, -3.21732, -0.124045, -1.23186 )

[node name="Tree9" parent="Trees" instance=ExtResource( 6 )]
transform = Transform( 0.740582, -0.0766513, 0.66758, 0, 0.993473, 0.11407, -0.671966, -0.0844783, 0.735748, -2.47559, -0.124045, 3.20567 )

[node name="Tree10" parent="Trees" instance=ExtResource( 6 )]
transform = Transform( 0.624166, 0.0891221, -0.776192, 0, 0.993473, 0.11407, 0.781292, -0.0711987, 0.620092, -0.416496, -0.124045, -4.17774 )

[node name="Tree11" parent="Trees" instance=ExtResource( 1 )]
transform = Transform( 0.947455, 0.297567, -0.117404, -0.294138, 0.954658, 0.0459328, 0.125749, -0.00898623, 0.992021, 2.77525, -0.0274558, 0.511441 )

[node name="Tree3" parent="Trees" instance=ExtResource( 2 )]
transform = Transform( 0.898273, 0, 0.439438, 0, 1, 0, -0.439438, 0, 0.898273, 0, 0.1, 2.22565 )

[node name="Tree6" parent="Trees" instance=ExtResource( 2 )]
transform = Transform( 0.898273, 0, 0.439438, 0, 1, 0, -0.439438, 0, 0.898273, -4.24043, 0.1, -4.18604 )

[node name="Tree4" parent="Trees" instance=ExtResource( 5 )]
transform = Transform( 1, 0, 0, 0, 1, 0, 0, 0, 1, 3, 0, -3.16943 )

[node name="Tree5" parent="Trees" instance=ExtResource( 5 )]
transform = Transform( 0.98023, 0, -0.197863, -0.0175063, 0.996078, -0.0867279, 0.197087, 0.0884771, 0.976385, 3, 0, 2.72956 )

[node name="Tree8" parent="Trees" instance=ExtResource( 5 )]
transform = Transform( 0.941029, -0.0128975, -0.338079, -0.0175063, 0.996078, -0.0867279, 0.337872, 0.087532, 0.937113, -0.0931454, 0, 4.32454 )

[node name="GrassStones" type="Spatial" parent="."]

[node name="grass_large" parent="GrassStones" instance=ExtResource( 4 )]
transform = Transform( 0.812603, 0, -0.582818, 0, 1, 0, 0.582818, 0, 0.812603, -1.80633, 0.0917284, 0.502492 )

[node name="grass_large3" parent="GrassStones" instance=ExtResource( 4 )]
transform = Transform( 1, 0, 0, 0, 1, 0, 0, 0, 1, -1.48647, 0.0917284, 0.715348 )

[node name="grass_leafs" parent="GrassStones" instance=ExtResource( 3 )]
transform = Transform( 1, 0, 0, 0, 1, 0, 0, 0, 1, -1.65671, 0.109758, 0.298017 )

[node name="grass_leafs3" parent="GrassStones" instance=ExtResource( 3 )]
transform = Transform( 0.82087, 0, -0.571115, 0, 1, 0, 0.571115, 0, 0.82087, -1.20959, 0.109758, 0.116428 )

[node name="grass_large2" parent="GrassStones" instance=ExtResource( 4 )]
transform = Transform( -0.677364, 0, -0.735648, 0, 1, 0, 0.735648, 0, -0.677364, -1.34213, 0.0917284, 0.364368 )

[node name="grass_leafs2" parent="GrassStones" instance=ExtResource( 3 )]
transform = Transform( -0.677364, 0, -0.735648, 0, 1, 0, 0.735648, 0, -0.677364, -1.13647, 0.109758, 0.757126 )

[node name="grass_large4" parent="GrassStones" instance=ExtResource( 4 )]
transform = Transform( 0.147412, 0, -0.989075, 0, 1, 0, 0.989075, 0, 0.147412, -2.15985, 0.0917284, 0.825553 )

[node name="grass_large5" parent="GrassStones" instance=ExtResource( 4 )]
transform = Transform( 0.696239, 0, -0.71781, 0, 1, 0, 0.71781, 0, 0.696239, -2.08994, 0.0917284, 1.20335 )

[node name="grass_leafs4" parent="GrassStones" instance=ExtResource( 3 )]
transform = Transform( 0.696239, 0, -0.71781, 0, 1, 0, 0.71781, 0, 0.696239, -1.9089, 0.109758, 0.790593 )

[node name="grass_leafs5" parent="GrassStones" instance=ExtResource( 3 )]
transform = Transform( 0.161569, 0, -0.986861, 0, 1, 0, 0.986861, 0, 0.161569, -1.46726, 0.109758, 0.98511 )

[node name="grass_large6" parent="GrassStones" instance=ExtResource( 4 )]
transform = Transform( -0.999663, 0, -0.0259675, 0, 1, 0, 0.0259675, 0, -0.999663, -1.73751, 0.0917284, 1.0626 )

[node name="grass_leafs6" parent="GrassStones" instance=ExtResource( 3 )]
transform = Transform( -0.999663, 0, -0.0259675, 0, 1, 0, 0.0259675, 0, -0.999663, -1.87625, 0.109758, 1.48367 )

[node name="grass_large7" parent="GrassStones" instance=ExtResource( 4 )]
transform = Transform( 0.812603, 0, -0.582818, 0, 1, 0, 0.582818, 0, 0.812603, -1.93326, 0.0917284, -0.467196 )

[node name="grass_large8" parent="GrassStones" instance=ExtResource( 4 )]
transform = Transform( 1, 0, 0, 0, 1, 0, 0, 0, 1, -1.61339, 0.0917284, -0.25434 )

[node name="grass_leafs7" parent="GrassStones" instance=ExtResource( 3 )]
transform = Transform( 1, 0, 0, 0, 1, 0, 0, 0, 1, -1.78363, 0.109758, -0.67167 )

[node name="grass_leafs8" parent="GrassStones" instance=ExtResource( 3 )]
transform = Transform( 0.82087, 0, -0.571115, 0, 1, 0, 0.571115, 0, 0.82087, -1.33651, 0.109758, -0.85326 )

[node name="grass_large9" parent="GrassStones" instance=ExtResource( 4 )]
transform = Transform( -0.677364, 0, -0.735648, 0, 1, 0, 0.735648, 0, -0.677364, -1.46905, 0.0917284, -0.605319 )

[node name="grass_leafs9" parent="GrassStones" instance=ExtResource( 3 )]
transform = Transform( -0.677364, 0, -0.735648, 0, 1, 0, 0.735648, 0, -0.677364, -1.26339, 0.109758, -0.212561 )

[node name="grass_large10" parent="GrassStones" instance=ExtResource( 4 )]
transform = Transform( 0.147412, 0, -0.989075, 0, 1, 0, 0.989075, 0, 0.147412, -2.28678, 0.0917284, -0.144135 )

[node name="grass_large11" parent="GrassStones" instance=ExtResource( 4 )]
transform = Transform( 0.696239, 0, -0.71781, 0, 1, 0, 0.71781, 0, 0.696239, -2.21687, 0.0917284, 0.233664 )

[node name="grass_leafs10" parent="GrassStones" instance=ExtResource( 3 )]
transform = Transform( 0.696239, 0, -0.71781, 0, 1, 0, 0.71781, 0, 0.696239, -2.03583, 0.109758, -0.179094 )

[node name="grass_leafs11" parent="GrassStones" instance=ExtResource( 3 )]
transform = Transform( 0.161569, 0, -0.986861, 0, 1, 0, 0.986861, 0, 0.161569, -1.59418, 0.109758, 0.0154222 )

[node name="grass_large12" parent="GrassStones" instance=ExtResource( 4 )]
transform = Transform( -0.999663, 0, -0.0259675, 0, 1, 0, 0.0259675, 0, -0.999663, -1.86443, 0.0917284, 0.0929112 )

[node name="grass_leafs12" parent="GrassStones" instance=ExtResource( 3 )]
transform = Transform( -0.999663, 0, -0.0259675, 0, 1, 0, 0.0259675, 0, -0.999663, -2.00317, 0.109758, 0.513987 )

[node name="grass_large13" parent="GrassStones" instance=ExtResource( 4 )]
transform = Transform( 0.812603, 0, -0.582818, 0, 1, 0, 0.582818, 0, 0.812603, -0.788628, 0.0917284, 0.502492 )

[node name="grass_large14" parent="GrassStones" instance=ExtResource( 4 )]
transform = Transform( 1, 0, 0, 0, 1, 0, 0, 0, 1, -0.468765, 0.0917284, 0.715348 )

[node name="grass_leafs13" parent="GrassStones" instance=ExtResource( 3 )]
transform = Transform( 1, 0, 0, 0, 1, 0, 0, 0, 1, -0.639, 0.109758, 0.298017 )

[node name="grass_leafs14" parent="GrassStones" instance=ExtResource( 3 )]
transform = Transform( 0.82087, 0, -0.571115, 0, 1, 0, 0.571115, 0, 0.82087, -0.191882, 0.109758, 0.116428 )

[node name="grass_large15" parent="GrassStones" instance=ExtResource( 4 )]
transform = Transform( -0.677364, 0, -0.735648, 0, 1, 0, 0.735648, 0, -0.677364, -0.32442, 0.0917284, 0.364368 )

[node name="grass_leafs15" parent="GrassStones" instance=ExtResource( 3 )]
transform = Transform( -0.677364, 0, -0.735648, 0, 1, 0, 0.735648, 0, -0.677364, -0.118763, 0.109758, 0.757126 )

[node name="grass_large16" parent="GrassStones" instance=ExtResource( 4 )]
transform = Transform( 0.147412, 0, -0.989075, 0, 1, 0, 0.989075, 0, 0.147412, -1.14215, 0.0917284, 0.825553 )

[node name="grass_large17" parent="GrassStones" instance=ExtResource( 4 )]
transform = Transform( 0.696239, 0, -0.71781, 0, 1, 0, 0.71781, 0, 0.696239, -1.07224, 0.0917284, 1.20335 )

[node name="grass_leafs16" parent="GrassStones" instance=ExtResource( 3 )]
transform = Transform( 0.696239, 0, -0.71781, 0, 1, 0, 0.71781, 0, 0.696239, -0.891197, 0.109758, 0.790593 )

[node name="grass_leafs17" parent="GrassStones" instance=ExtResource( 3 )]
transform = Transform( 0.161569, 0, -0.986861, 0, 1, 0, 0.986861, 0, 0.161569, -0.44955, 0.109758, 0.98511 )

[node name="grass_large18" parent="GrassStones" instance=ExtResource( 4 )]
transform = Transform( -0.999663, 0, -0.0259675, 0, 1, 0, 0.0259675, 0, -0.999663, -0.719802, 0.0917284, 1.0626 )

[node name="grass_leafs18" parent="GrassStones" instance=ExtResource( 3 )]
transform = Transform( -0.999663, 0, -0.0259675, 0, 1, 0, 0.0259675, 0, -0.999663, -0.858541, 0.109758, 1.48367 )

[node name="grass_large19" parent="GrassStones" instance=ExtResource( 4 )]
transform = Transform( 0.812603, 0, -0.582818, 0, 1, 0, 0.582818, 0, 0.812603, -0.91555, 0.0917284, -0.467196 )

[node name="grass_large20" parent="GrassStones" instance=ExtResource( 4 )]
transform = Transform( 1, 0, 0, 0, 1, 0, 0, 0, 1, -0.595688, 0.0917284, -0.25434 )

[node name="grass_leafs19" parent="GrassStones" instance=ExtResource( 3 )]
transform = Transform( 1, 0, 0, 0, 1, 0, 0, 0, 1, -0.765923, 0.109758, -0.67167 )

[node name="grass_leafs20" parent="GrassStones" instance=ExtResource( 3 )]
transform = Transform( 0.82087, 0, -0.571115, 0, 1, 0, 0.571115, 0, 0.82087, -0.318805, 0.109758, -0.85326 )

[node name="grass_large21" parent="GrassStones" instance=ExtResource( 4 )]
transform = Transform( -0.677364, 0, -0.735648, 0, 1, 0, 0.735648, 0, -0.677364, -0.451343, 0.0917284, -0.605319 )

[node name="grass_leafs21" parent="GrassStones" instance=ExtResource( 3 )]
transform = Transform( -0.677364, 0, -0.735648, 0, 1, 0, 0.735648, 0, -0.677364, -0.245686, 0.109758, -0.212561 )

[node name="grass_large22" parent="GrassStones" instance=ExtResource( 4 )]
transform = Transform( 0.147412, 0, -0.989075, 0, 1, 0, 0.989075, 0, 0.147412, -1.26907, 0.0917284, -0.144135 )

[node name="grass_large23" parent="GrassStones" instance=ExtResource( 4 )]
transform = Transform( 0.696239, 0, -0.71781, 0, 1, 0, 0.71781, 0, 0.696239, -1.19916, 0.0917284, 0.233664 )

[node name="grass_leafs22" parent="GrassStones" instance=ExtResource( 3 )]
transform = Transform( 0.696239, 0, -0.71781, 0, 1, 0, 0.71781, 0, 0.696239, -1.01812, 0.109758, -0.179094 )

[node name="grass_leafs23" parent="GrassStones" instance=ExtResource( 3 )]
transform = Transform( 0.161569, 0, -0.986861, 0, 1, 0, 0.986861, 0, 0.161569, -0.576473, 0.109758, 0.0154222 )

[node name="grass_large24" parent="GrassStones" instance=ExtResource( 4 )]
transform = Transform( -0.999663, 0, -0.0259675, 0, 1, 0, 0.0259675, 0, -0.999663, -0.846724, 0.0917284, 0.0929112 )

[node name="grass_leafs24" parent="GrassStones" instance=ExtResource( 3 )]
transform = Transform( -0.999663, 0, -0.0259675, 0, 1, 0, 0.0259675, 0, -0.999663, -0.985464, 0.109758, 0.513987 )

[node name="grass_large25" parent="GrassStones" instance=ExtResource( 4 )]
transform = Transform( -0.988912, 0, -0.1485, 0, 1, 0, 0.1485, 0, -0.988912, 0.481705, 0.0917284, 0.1149 )

[node name="grass_large26" parent="GrassStones" instance=ExtResource( 4 )]
transform = Transform( -0.717044, 0, -0.697027, 0, 1, 0, 0.697027, 0, -0.717044, 0.103983, 0.0917284, 0.185225 )

[node name="grass_leafs25" parent="GrassStones" instance=ExtResource( 3 )]
transform = Transform( -0.717044, 0, -0.697027, 0, 1, 0, 0.697027, 0, -0.717044, 0.51694, 0.109758, 0.365812 )

[node name="grass_leafs26" parent="GrassStones" instance=ExtResource( 3 )]
transform = Transform( -0.986683, 0, -0.162654, 0, 1, 0, 0.162654, 0, -0.986683, 0.32291, 0.109758, 0.807673 )

[node name="grass_large27" parent="GrassStones" instance=ExtResource( 4 )]
transform = Transform( -0.0270665, 0, 0.999634, 0, 1, 0, -0.999634, 0, -0.0270665, 0.245124, 0.0917284, 0.537506 )

[node name="grass_leafs27" parent="GrassStones" instance=ExtResource( 3 )]
transform = Transform( -0.0270665, 0, 0.999634, 0, 1, 0, -0.999634, 0, -0.0270665, -0.176104, 0.109758, 0.399229 )

[node name="grass_large28" parent="GrassStones" instance=ExtResource( 4 )]
transform = Transform( -0.795114, 0, 0.60646, 0, 1, 0, -0.60646, 0, -0.795114, 0.510013, 0.0917284, -0.363163 )

[node name="grass_large29" parent="GrassStones" instance=ExtResource( 4 )]
transform = Transform( -0.999568, 0, 0.0294046, 0, 1, 0, -0.0294046, 0, -0.999568, 0.196547, 0.0917284, -0.585332 )

[node name="grass_leafs28" parent="GrassStones" instance=ExtResource( 3 )]
transform = Transform( -0.999568, 0, 0.0294046, 0, 1, 0, -0.0294046, 0, -0.999568, 0.354438, 0.109758, -0.163176 )

[node name="grass_leafs29" parent="GrassStones" instance=ExtResource( 3 )]
transform = Transform( -0.803722, 0, 0.595005, 0, 1, 0, -0.595005, 0, -0.803722, -0.0978265, 0.109758, 0.00518781 )

[node name="grass_large30" parent="GrassStones" instance=ExtResource( 4 )]
transform = Transform( 0.698703, 0, 0.715412, 0, 1, 0, -0.715412, 0, 0.698703, 0.041944, 0.0917284, -0.238748 )

[node name="grass_leafs30" parent="GrassStones" instance=ExtResource( 3 )]
transform = Transform( 0.698703, 0, 0.715412, 0, 1, 0, -0.715412, 0, 0.698703, -0.152074, 0.109758, -0.637384 )

[node name="grass_large31" parent="GrassStones" instance=ExtResource( 4 )]
transform = Transform( -0.988912, 0, -0.1485, 0, 1, 0, 0.1485, 0, -0.988912, 1.24861, 0.0917284, 0.72174 )

[node name="grass_large32" parent="GrassStones" instance=ExtResource( 4 )]
transform = Transform( -0.717044, 0, -0.697027, 0, 1, 0, 0.697027, 0, -0.717044, 0.870891, 0.0917284, 0.792066 )

[node name="grass_leafs31" parent="GrassStones" instance=ExtResource( 3 )]
transform = Transform( -0.717044, 0, -0.697027, 0, 1, 0, 0.697027, 0, -0.717044, 1.28385, 0.109758, 0.972652 )

[node name="grass_leafs32" parent="GrassStones" instance=ExtResource( 3 )]
transform = Transform( -0.986683, 0, -0.162654, 0, 1, 0, 0.162654, 0, -0.986683, 1.08982, 0.109758, 1.41451 )

[node name="grass_large33" parent="GrassStones" instance=ExtResource( 4 )]
transform = Transform( -0.0270665, 0, 0.999634, 0, 1, 0, -0.999634, 0, -0.0270665, 1.01203, 0.0917284, 1.14435 )

[node name="grass_leafs33" parent="GrassStones" instance=ExtResource( 3 )]
transform = Transform( -0.0270665, 0, 0.999634, 0, 1, 0, -0.999634, 0, -0.0270665, 0.590804, 0.109758, 1.00607 )

[node name="grass_large34" parent="GrassStones" instance=ExtResource( 4 )]
transform = Transform( -0.795114, 0, 0.60646, 0, 1, 0, -0.60646, 0, -0.795114, 1.27692, 0.0917284, 0.243678 )

[node name="grass_large35" parent="GrassStones" instance=ExtResource( 4 )]
transform = Transform( -0.999568, 0, 0.0294046, 0, 1, 0, -0.0294046, 0, -0.999568, 0.963455, 0.0917284, 0.0215086 )

[node name="grass_leafs34" parent="GrassStones" instance=ExtResource( 3 )]
transform = Transform( -0.999568, 0, 0.0294046, 0, 1, 0, -0.0294046, 0, -0.999568, 1.12135, 0.109758, 0.443665 )

[node name="grass_leafs35" parent="GrassStones" instance=ExtResource( 3 )]
transform = Transform( -0.803722, 0, 0.595005, 0, 1, 0, -0.595005, 0, -0.803722, 0.669082, 0.109758, 0.612028 )

[node name="grass_large36" parent="GrassStones" instance=ExtResource( 4 )]
transform = Transform( 0.698703, 0, 0.715412, 0, 1, 0, -0.715412, 0, 0.698703, 0.808852, 0.0917284, 0.368092 )

[node name="grass_leafs36" parent="GrassStones" instance=ExtResource( 3 )]
transform = Transform( 0.698703, 0, 0.715412, 0, 1, 0, -0.715412, 0, 0.698703, 0.614834, 0.109758, -0.0305432 )

[node name="grass_large37" parent="GrassStones" instance=ExtResource( 4 )]
transform = Transform( 0.812603, 0, -0.582818, 0, 1, 0, 0.582818, 0, 0.812603, -1.80633, 0.0917284, -1.17256 )

[node name="grass_large38" parent="GrassStones" instance=ExtResource( 4 )]
transform = Transform( 1, 0, 0, 0, 1, 0, 0, 0, 1, -1.48647, 0.0917284, -0.959704 )

[node name="grass_leafs37" parent="GrassStones" instance=ExtResource( 3 )]
transform = Transform( 1, 0, 0, 0, 1, 0, 0, 0, 1, -1.65671, 0.109758, -1.37703 )

[node name="grass_leafs38" parent="GrassStones" instance=ExtResource( 3 )]
transform = Transform( 0.82087, 0, -0.571115, 0, 1, 0, 0.571115, 0, 0.82087, -1.20959, 0.109758, -1.55862 )

[node name="grass_large39" parent="GrassStones" instance=ExtResource( 4 )]
transform = Transform( -0.677364, 0, -0.735648, 0, 1, 0, 0.735648, 0, -0.677364, -1.34213, 0.0917284, -1.31068 )

[node name="grass_leafs39" parent="GrassStones" instance=ExtResource( 3 )]
transform = Transform( -0.677364, 0, -0.735648, 0, 1, 0, 0.735648, 0, -0.677364, -1.13647, 0.109758, -0.917926 )

[node name="grass_large40" parent="GrassStones" instance=ExtResource( 4 )]
transform = Transform( 0.147412, 0, -0.989075, 0, 1, 0, 0.989075, 0, 0.147412, -2.15985, 0.0917284, -0.849499 )

[node name="grass_large41" parent="GrassStones" instance=ExtResource( 4 )]
transform = Transform( 0.696239, 0, -0.71781, 0, 1, 0, 0.71781, 0, 0.696239, -2.08994, 0.0917284, -0.4717 )

[node name="grass_leafs40" parent="GrassStones" instance=ExtResource( 3 )]
transform = Transform( 0.696239, 0, -0.71781, 0, 1, 0, 0.71781, 0, 0.696239, -1.9089, 0.109758, -0.884459 )

[node name="grass_leafs41" parent="GrassStones" instance=ExtResource( 3 )]
transform = Transform( 0.161569, 0, -0.986861, 0, 1, 0, 0.986861, 0, 0.161569, -1.46726, 0.109758, -0.689942 )

[node name="grass_large42" parent="GrassStones" instance=ExtResource( 4 )]
transform = Transform( -0.999663, 0, -0.0259675, 0, 1, 0, 0.0259675, 0, -0.999663, -1.73751, 0.0917284, -0.612453 )

[node name="grass_leafs42" parent="GrassStones" instance=ExtResource( 3 )]
transform = Transform( -0.999663, 0, -0.0259675, 0, 1, 0, 0.0259675, 0, -0.999663, -1.87625, 0.109758, -0.191378 )

[node name="grass_large43" parent="GrassStones" instance=ExtResource( 4 )]
transform = Transform( 0.812603, 0, -0.582818, 0, 1, 0, 0.582818, 0, 0.812603, -1.93326, 0.0917284, -2.14225 )

[node name="grass_large44" parent="GrassStones" instance=ExtResource( 4 )]
transform = Transform( 1, 0, 0, 0, 1, 0, 0, 0, 1, -1.61339, 0.0917284, -1.92939 )

[node name="grass_leafs43" parent="GrassStones" instance=ExtResource( 3 )]
transform = Transform( 1, 0, 0, 0, 1, 0, 0, 0, 1, -1.78363, 0.109758, -2.34672 )

[node name="grass_leafs44" parent="GrassStones" instance=ExtResource( 3 )]
transform = Transform( 0.82087, 0, -0.571115, 0, 1, 0, 0.571115, 0, 0.82087, -1.33651, 0.109758, -2.52831 )

[node name="grass_large45" parent="GrassStones" instance=ExtResource( 4 )]
transform = Transform( -0.677364, 0, -0.735648, 0, 1, 0, 0.735648, 0, -0.677364, -1.46905, 0.0917284, -2.28037 )

[node name="grass_leafs45" parent="GrassStones" instance=ExtResource( 3 )]
transform = Transform( -0.677364, 0, -0.735648, 0, 1, 0, 0.735648, 0, -0.677364, -1.26339, 0.109758, -1.88761 )

[node name="grass_large46" parent="GrassStones" instance=ExtResource( 4 )]
transform = Transform( 0.147412, 0, -0.989075, 0, 1, 0, 0.989075, 0, 0.147412, -2.28678, 0.0917284, -1.81919 )

[node name="grass_large47" parent="GrassStones" instance=ExtResource( 4 )]
transform = Transform( 0.696239, 0, -0.71781, 0, 1, 0, 0.71781, 0, 0.696239, -2.21687, 0.0917284, -1.44139 )

[node name="grass_leafs46" parent="GrassStones" instance=ExtResource( 3 )]
transform = Transform( 0.696239, 0, -0.71781, 0, 1, 0, 0.71781, 0, 0.696239, -2.03583, 0.109758, -1.85415 )

[node name="grass_leafs47" parent="GrassStones" instance=ExtResource( 3 )]
transform = Transform( 0.161569, 0, -0.986861, 0, 1, 0, 0.986861, 0, 0.161569, -1.59418, 0.109758, -1.65963 )

[node name="grass_large48" parent="GrassStones" instance=ExtResource( 4 )]
transform = Transform( -0.999663, 0, -0.0259675, 0, 1, 0, 0.0259675, 0, -0.999663, -1.86443, 0.0917284, -1.58214 )

[node name="grass_leafs48" parent="GrassStones" instance=ExtResource( 3 )]
transform = Transform( -0.999663, 0, -0.0259675, 0, 1, 0, 0.0259675, 0, -0.999663, -2.00317, 0.109758, -1.16107 )

[node name="grass_large49" parent="GrassStones" instance=ExtResource( 4 )]
transform = Transform( 0.812603, 0, -0.582818, 0, 1, 0, 0.582818, 0, 0.812603, -0.788628, 0.0917284, -1.17256 )

[node name="grass_large50" parent="GrassStones" instance=ExtResource( 4 )]
transform = Transform( 1, 0, 0, 0, 1, 0, 0, 0, 1, -0.468765, 0.0917284, -0.959704 )

[node name="grass_leafs49" parent="GrassStones" instance=ExtResource( 3 )]
transform = Transform( 1, 0, 0, 0, 1, 0, 0, 0, 1, -0.639, 0.109758, -1.37703 )

[node name="grass_leafs50" parent="GrassStones" instance=ExtResource( 3 )]
transform = Transform( 0.82087, 0, -0.571115, 0, 1, 0, 0.571115, 0, 0.82087, -0.191882, 0.109758, -1.55862 )

[node name="grass_large51" parent="GrassStones" instance=ExtResource( 4 )]
transform = Transform( -0.677364, 0, -0.735648, 0, 1, 0, 0.735648, 0, -0.677364, -0.32442, 0.0917284, -1.31068 )

[node name="grass_leafs51" parent="GrassStones" instance=ExtResource( 3 )]
transform = Transform( -0.677364, 0, -0.735648, 0, 1, 0, 0.735648, 0, -0.677364, -0.118763, 0.109758, -0.917926 )

[node name="grass_large52" parent="GrassStones" instance=ExtResource( 4 )]
transform = Transform( 0.147412, 0, -0.989075, 0, 1, 0, 0.989075, 0, 0.147412, -1.14215, 0.0917284, -0.849499 )

[node name="grass_large53" parent="GrassStones" instance=ExtResource( 4 )]
transform = Transform( 0.696239, 0, -0.71781, 0, 1, 0, 0.71781, 0, 0.696239, -1.07224, 0.0917284, -0.4717 )

[node name="grass_leafs52" parent="GrassStones" instance=ExtResource( 3 )]
transform = Transform( 0.696239, 0, -0.71781, 0, 1, 0, 0.71781, 0, 0.696239, -0.891197, 0.109758, -0.884459 )

[node name="grass_leafs53" parent="GrassStones" instance=ExtResource( 3 )]
transform = Transform( 0.161569, 0, -0.986861, 0, 1, 0, 0.986861, 0, 0.161569, -0.44955, 0.109758, -0.689942 )

[node name="grass_large54" parent="GrassStones" instance=ExtResource( 4 )]
transform = Transform( -0.999663, 0, -0.0259675, 0, 1, 0, 0.0259675, 0, -0.999663, -0.719802, 0.0917284, -0.612453 )

[node name="grass_leafs54" parent="GrassStones" instance=ExtResource( 3 )]
transform = Transform( -0.999663, 0, -0.0259675, 0, 1, 0, 0.0259675, 0, -0.999663, -0.858541, 0.109758, -0.191378 )

[node name="grass_large55" parent="GrassStones" instance=ExtResource( 4 )]
transform = Transform( 0.812603, 0, -0.582818, 0, 1, 0, 0.582818, 0, 0.812603, -0.91555, 0.0917284, -2.14225 )

[node name="grass_large56" parent="GrassStones" instance=ExtResource( 4 )]
transform = Transform( 1, 0, 0, 0, 1, 0, 0, 0, 1, -0.595688, 0.0917284, -1.92939 )

[node name="grass_leafs55" parent="GrassStones" instance=ExtResource( 3 )]
transform = Transform( 1, 0, 0, 0, 1, 0, 0, 0, 1, -0.765923, 0.109758, -2.34672 )

[node name="grass_leafs56" parent="GrassStones" instance=ExtResource( 3 )]
transform = Transform( 0.82087, 0, -0.571115, 0, 1, 0, 0.571115, 0, 0.82087, -0.318805, 0.109758, -2.52831 )

[node name="grass_large57" parent="GrassStones" instance=ExtResource( 4 )]
transform = Transform( -0.677364, 0, -0.735648, 0, 1, 0, 0.735648, 0, -0.677364, -0.451343, 0.0917284, -2.28037 )

[node name="grass_leafs57" parent="GrassStones" instance=ExtResource( 3 )]
transform = Transform( -0.677364, 0, -0.735648, 0, 1, 0, 0.735648, 0, -0.677364, -0.245686, 0.109758, -1.88761 )

[node name="grass_large58" parent="GrassStones" instance=ExtResource( 4 )]
transform = Transform( 0.147412, 0, -0.989075, 0, 1, 0, 0.989075, 0, 0.147412, -1.26907, 0.0917284, -1.81919 )

[node name="grass_large59" parent="GrassStones" instance=ExtResource( 4 )]
transform = Transform( 0.696239, 0, -0.71781, 0, 1, 0, 0.71781, 0, 0.696239, -1.19916, 0.0917284, -1.44139 )

[node name="grass_leafs58" parent="GrassStones" instance=ExtResource( 3 )]
transform = Transform( 0.696239, 0, -0.71781, 0, 1, 0, 0.71781, 0, 0.696239, -1.01812, 0.109758, -1.85415 )

[node name="grass_leafs59" parent="GrassStones" instance=ExtResource( 3 )]
transform = Transform( 0.161569, 0, -0.986861, 0, 1, 0, 0.986861, 0, 0.161569, -0.576473, 0.109758, -1.65963 )

[node name="grass_large60" parent="GrassStones" instance=ExtResource( 4 )]
transform = Transform( -0.999663, 0, -0.0259675, 0, 1, 0, 0.0259675, 0, -0.999663, -0.846724, 0.0917284, -1.58214 )

[node name="grass_leafs60" parent="GrassStones" instance=ExtResource( 3 )]
transform = Transform( -0.999663, 0, -0.0259675, 0, 1, 0, 0.0259675, 0, -0.999663, -0.985464, 0.109758, -1.16107 )

[node name="grass_large61" parent="GrassStones" instance=ExtResource( 4 )]
transform = Transform( -0.988912, 0, -0.1485, 0, 1, 0, 0.1485, 0, -0.988912, 0.481705, 0.0917284, -1.56015 )

[node name="grass_large62" parent="GrassStones" instance=ExtResource( 4 )]
transform = Transform( -0.717044, 0, -0.697027, 0, 1, 0, 0.697027, 0, -0.717044, 0.103983, 0.0917284, -1.48983 )

[node name="grass_leafs61" parent="GrassStones" instance=ExtResource( 3 )]
transform = Transform( -0.717044, 0, -0.697027, 0, 1, 0, 0.697027, 0, -0.717044, 0.51694, 0.109758, -1.30924 )

[node name="grass_leafs62" parent="GrassStones" instance=ExtResource( 3 )]
transform = Transform( -0.986683, 0, -0.162654, 0, 1, 0, 0.162654, 0, -0.986683, 0.32291, 0.109758, -0.867379 )

[node name="grass_large63" parent="GrassStones" instance=ExtResource( 4 )]
transform = Transform( -0.0270665, 0, 0.999634, 0, 1, 0, -0.999634, 0, -0.0270665, 0.245124, 0.0917284, -1.13755 )

[node name="grass_leafs63" parent="GrassStones" instance=ExtResource( 3 )]
transform = Transform( -0.0270665, 0, 0.999634, 0, 1, 0, -0.999634, 0, -0.0270665, -0.176104, 0.109758, -1.27582 )

[node name="grass_large64" parent="GrassStones" instance=ExtResource( 4 )]
transform = Transform( -0.795114, 0, 0.60646, 0, 1, 0, -0.60646, 0, -0.795114, 0.510013, 0.0917284, -2.03821 )

[node name="grass_large65" parent="GrassStones" instance=ExtResource( 4 )]
transform = Transform( -0.999568, 0, 0.0294046, 0, 1, 0, -0.0294046, 0, -0.999568, 0.196547, 0.0917284, -2.26038 )

[node name="grass_leafs64" parent="GrassStones" instance=ExtResource( 3 )]
transform = Transform( -0.999568, 0, 0.0294046, 0, 1, 0, -0.0294046, 0, -0.999568, 0.354438, 0.109758, -1.83823 )

[node name="grass_leafs65" parent="GrassStones" instance=ExtResource( 3 )]
transform = Transform( -0.803722, 0, 0.595005, 0, 1, 0, -0.595005, 0, -0.803722, -0.0978265, 0.109758, -1.66986 )

[node name="grass_large66" parent="GrassStones" instance=ExtResource( 4 )]
transform = Transform( 0.698703, 0, 0.715412, 0, 1, 0, -0.715412, 0, 0.698703, 0.041944, 0.0917284, -1.9138 )

[node name="grass_leafs66" parent="GrassStones" instance=ExtResource( 3 )]
transform = Transform( 0.698703, 0, 0.715412, 0, 1, 0, -0.715412, 0, 0.698703, -0.152074, 0.109758, -2.31244 )

[node name="grass_large67" parent="GrassStones" instance=ExtResource( 4 )]
transform = Transform( -0.988912, 0, -0.1485, 0, 1, 0, 0.1485, 0, -0.988912, 1.24861, 0.0917284, -0.953312 )

[node name="grass_large68" parent="GrassStones" instance=ExtResource( 4 )]
transform = Transform( -0.717044, 0, -0.697027, 0, 1, 0, 0.697027, 0, -0.717044, 0.870891, 0.0917284, -0.882986 )

[node name="grass_leafs67" parent="GrassStones" instance=ExtResource( 3 )]
transform = Transform( -0.717044, 0, -0.697027, 0, 1, 0, 0.697027, 0, -0.717044, 1.28385, 0.109758, -0.7024 )

[node name="grass_leafs68" parent="GrassStones" instance=ExtResource( 3 )]
transform = Transform( -0.986683, 0, -0.162654, 0, 1, 0, 0.162654, 0, -0.986683, 1.08982, 0.109758, -0.260539 )

[node name="grass_large69" parent="GrassStones" instance=ExtResource( 4 )]
transform = Transform( -0.0270665, 0, 0.999634, 0, 1, 0, -0.999634, 0, -0.0270665, 1.01203, 0.0917284, -0.530705 )

[node name="grass_leafs69" parent="GrassStones" instance=ExtResource( 3 )]
transform = Transform( -0.0270665, 0, 0.999634, 0, 1, 0, -0.999634, 0, -0.0270665, 0.590804, 0.109758, -0.668982 )

[node name="grass_large70" parent="GrassStones" instance=ExtResource( 4 )]
transform = Transform( -0.795114, 0, 0.60646, 0, 1, 0, -0.60646, 0, -0.795114, 1.27692, 0.0917284, -1.43137 )

[node name="grass_large71" parent="GrassStones" instance=ExtResource( 4 )]
transform = Transform( -0.999568, 0, 0.0294046, 0, 1, 0, -0.0294046, 0, -0.999568, 0.963455, 0.0917284, -1.65354 )

[node name="grass_leafs70" parent="GrassStones" instance=ExtResource( 3 )]
transform = Transform( -0.999568, 0, 0.0294046, 0, 1, 0, -0.0294046, 0, -0.999568, 1.12135, 0.109758, -1.23139 )

[node name="grass_leafs71" parent="GrassStones" instance=ExtResource( 3 )]
transform = Transform( -0.803722, 0, 0.595005, 0, 1, 0, -0.595005, 0, -0.803722, 0.669082, 0.109758, -1.06302 )

[node name="grass_large72" parent="GrassStones" instance=ExtResource( 4 )]
transform = Transform( 0.698703, 0, 0.715412, 0, 1, 0, -0.715412, 0, 0.698703, 0.808852, 0.0917284, -1.30696 )

[node name="grass_leafs72" parent="GrassStones" instance=ExtResource( 3 )]
transform = Transform( 0.698703, 0, 0.715412, 0, 1, 0, -0.715412, 0, 0.698703, 0.614834, 0.109758, -1.7056 )

[node name="grass_large73" parent="GrassStones" instance=ExtResource( 4 )]
transform = Transform( 0.616019, 0, -0.787731, 0, 1, 0, 0.787731, 0, 0.616019, -1.80637, 0.0917284, 1.68672 )

[node name="grass_large74" parent="GrassStones" instance=ExtResource( 4 )]
transform = Transform( 0.959683, 0, -0.281085, 0, 1, 0, 0.281085, 0, 0.959683, -1.55923, 0.0917284, 1.9809 )

[node name="grass_leafs73" parent="GrassStones" instance=ExtResource( 3 )]
transform = Transform( 0.959683, 0, -0.281085, 0, 1, 0, 0.281085, 0, 0.959683, -1.6053, 0.109758, 1.53255 )

[node name="grass_leafs74" parent="GrassStones" instance=ExtResource( 3 )]
transform = Transform( 0.627243, 0, -0.778824, 0, 1, 0, 0.778824, 0, 0.627243, -1.12516, 0.109758, 1.48396 )

[node name="grass_large75" parent="GrassStones" instance=ExtResource( 4 )]
transform = Transform( -0.856835, 0, -0.515591, 0, 1, 0, 0.515591, 0, -0.856835, -1.32205, 0.0917284, 1.68465 )

[node name="grass_leafs75" parent="GrassStones" instance=ExtResource( 3 )]
transform = Transform( -0.856835, 0, -0.515591, 0, 1, 0, 0.515591, 0, -0.856835, -1.23508, 0.109758, 2.11938 )

[node name="grass_large76" parent="GrassStones" instance=ExtResource( 4 )]
transform = Transform( -0.136546, 0, -0.990634, 0, 1, 0, 0.990634, 0, -0.136546, -2.23644, 0.0917284, 1.89738 )

[node name="grass_large77" parent="GrassStones" instance=ExtResource( 4 )]
transform = Transform( 0.466402, 0, -0.884573, 0, 1, 0, 0.884573, 0, 0.466402, -2.27554, 0.0917284, 2.2796 )

[node name="grass_leafs76" parent="GrassStones" instance=ExtResource( 3 )]
transform = Transform( 0.466402, 0, -0.884573, 0, 1, 0, 0.884573, 0, 0.466402, -1.98578, 0.109758, 1.93437 )

[node name="grass_leafs77" parent="GrassStones" instance=ExtResource( 3 )]
transform = Transform( -0.122337, 0, -0.992489, 0, 1, 0, 0.992489, 0, -0.122337, -1.61662, 0.109758, 2.24519 )

[node name="grass_large78" parent="GrassStones" instance=ExtResource( 4 )]
transform = Transform( -0.966658, 0, 0.25607, 0, 1, 0, -0.25607, 0, -0.966658, -1.89775, 0.0917284, 2.24359 )

[node name="grass_leafs78" parent="GrassStones" instance=ExtResource( 3 )]
transform = Transform( -0.966658, 0, 0.25607, 0, 1, 0, -0.25607, 0, -0.966658, -2.14926, 0.109758, 2.60869 )

[node name="grass_large79" parent="GrassStones" instance=ExtResource( 4 )]
transform = Transform( 0.616019, 0, -0.787731, 0, 1, 0, 0.787731, 0, 0.616019, -1.65561, 0.0917284, 0.72045 )

[node name="grass_large80" parent="GrassStones" instance=ExtResource( 4 )]
transform = Transform( 0.959683, 0, -0.281085, 0, 1, 0, 0.281085, 0, 0.959683, -1.40847, 0.0917284, 1.01463 )

[node name="grass_leafs79" parent="GrassStones" instance=ExtResource( 3 )]
transform = Transform( 0.959683, 0, -0.281085, 0, 1, 0, 0.281085, 0, 0.959683, -1.45454, 0.109758, 0.566276 )

[node name="grass_leafs80" parent="GrassStones" instance=ExtResource( 3 )]
transform = Transform( 0.627243, 0, -0.778824, 0, 1, 0, 0.778824, 0, 0.627243, -0.974405, 0.109758, 0.517687 )

[node name="grass_large81" parent="GrassStones" instance=ExtResource( 4 )]
transform = Transform( -0.856835, 0, -0.515591, 0, 1, 0, 0.515591, 0, -0.856835, -1.17129, 0.0917284, 0.718377 )

[node name="grass_leafs81" parent="GrassStones" instance=ExtResource( 3 )]
transform = Transform( -0.856835, 0, -0.515591, 0, 1, 0, 0.515591, 0, -0.856835, -1.08433, 0.109758, 1.15311 )

[node name="grass_large82" parent="GrassStones" instance=ExtResource( 4 )]
transform = Transform( -0.136546, 0, -0.990634, 0, 1, 0, 0.990634, 0, -0.136546, -2.08568, 0.0917284, 0.931116 )

[node name="grass_large83" parent="GrassStones" instance=ExtResource( 4 )]
transform = Transform( 0.466402, 0, -0.884573, 0, 1, 0, 0.884573, 0, 0.466402, -2.12479, 0.0917284, 1.31333 )

[node name="grass_leafs82" parent="GrassStones" instance=ExtResource( 3 )]
transform = Transform( 0.466402, 0, -0.884573, 0, 1, 0, 0.884573, 0, 0.466402, -1.83502, 0.109758, 0.968105 )

[node name="grass_leafs83" parent="GrassStones" instance=ExtResource( 3 )]
transform = Transform( -0.122337, 0, -0.992489, 0, 1, 0, 0.992489, 0, -0.122337, -1.46586, 0.109758, 1.27892 )

[node name="grass_large84" parent="GrassStones" instance=ExtResource( 4 )]
transform = Transform( -0.966658, 0, 0.25607, 0, 1, 0, -0.25607, 0, -0.966658, -1.74699, 0.0917284, 1.27732 )

[node name="grass_leafs84" parent="GrassStones" instance=ExtResource( 3 )]
transform = Transform( -0.966658, 0, 0.25607, 0, 1, 0, -0.25607, 0, -0.966658, -1.9985, 0.109758, 1.64242 )

[node name="grass_large85" parent="GrassStones" instance=ExtResource( 4 )]
transform = Transform( 0.616019, 0, -0.787731, 0, 1, 0, 0.787731, 0, 0.616019, -0.829693, 0.0917284, 1.97278 )

[node name="grass_large86" parent="GrassStones" instance=ExtResource( 4 )]
transform = Transform( 0.959683, 0, -0.281085, 0, 1, 0, 0.281085, 0, 0.959683, -0.582557, 0.0917284, 2.26696 )

[node name="grass_leafs85" parent="GrassStones" instance=ExtResource( 3 )]
transform = Transform( 0.959683, 0, -0.281085, 0, 1, 0, 0.281085, 0, 0.959683, -0.628623, 0.109758, 1.81861 )

[node name="grass_leafs86" parent="GrassStones" instance=ExtResource( 3 )]
transform = Transform( 0.627243, 0, -0.778824, 0, 1, 0, 0.778824, 0, 0.627243, -0.14849, 0.109758, 1.77002 )

[node name="grass_large87" parent="GrassStones" instance=ExtResource( 4 )]
transform = Transform( -0.856835, 0, -0.515591, 0, 1, 0, 0.515591, 0, -0.856835, -0.345376, 0.0917284, 1.97071 )

[node name="grass_leafs87" parent="GrassStones" instance=ExtResource( 3 )]
transform = Transform( -0.856835, 0, -0.515591, 0, 1, 0, 0.515591, 0, -0.856835, -0.25841, 0.109758, 2.40544 )

[node name="grass_large88" parent="GrassStones" instance=ExtResource( 4 )]
transform = Transform( -0.136546, 0, -0.990634, 0, 1, 0, 0.990634, 0, -0.136546, -1.25977, 0.0917284, 2.18345 )

[node name="grass_large89" parent="GrassStones" instance=ExtResource( 4 )]
transform = Transform( 0.466402, 0, -0.884573, 0, 1, 0, 0.884573, 0, 0.466402, -1.29887, 0.0917284, 2.56566 )

[node name="grass_leafs88" parent="GrassStones" instance=ExtResource( 3 )]
transform = Transform( 0.466402, 0, -0.884573, 0, 1, 0, 0.884573, 0, 0.466402, -1.00911, 0.109758, 2.22044 )

[node name="grass_leafs89" parent="GrassStones" instance=ExtResource( 3 )]
transform = Transform( -0.122337, 0, -0.992489, 0, 1, 0, 0.992489, 0, -0.122337, -0.639943, 0.109758, 2.53125 )

[node name="grass_large90" parent="GrassStones" instance=ExtResource( 4 )]
transform = Transform( -0.966658, 0, 0.25607, 0, 1, 0, -0.25607, 0, -0.966658, -0.92108, 0.0917284, 2.52965 )

[node name="grass_leafs90" parent="GrassStones" instance=ExtResource( 3 )]
transform = Transform( -0.966658, 0, 0.25607, 0, 1, 0, -0.25607, 0, -0.966658, -1.17258, 0.109758, 2.89475 )

[node name="grass_large91" parent="GrassStones" instance=ExtResource( 4 )]
transform = Transform( 0.616019, 0, -0.787731, 0, 1, 0, 0.787731, 0, 0.616019, -0.678934, 0.0917284, 1.00651 )

[node name="grass_large92" parent="GrassStones" instance=ExtResource( 4 )]
transform = Transform( 0.959683, 0, -0.281085, 0, 1, 0, 0.281085, 0, 0.959683, -0.431798, 0.0917284, 1.30069 )

[node name="grass_leafs91" parent="GrassStones" instance=ExtResource( 3 )]
transform = Transform( 0.959683, 0, -0.281085, 0, 1, 0, 0.281085, 0, 0.959683, -0.477864, 0.109758, 0.852339 )

[node name="grass_leafs92" parent="GrassStones" instance=ExtResource( 3 )]
transform = Transform( 0.627243, 0, -0.778824, 0, 1, 0, 0.778824, 0, 0.627243, 0.00226969, 0.109758, 0.803749 )

[node name="grass_large93" parent="GrassStones" instance=ExtResource( 4 )]
transform = Transform( -0.856835, 0, -0.515591, 0, 1, 0, 0.515591, 0, -0.856835, -0.194617, 0.0917284, 1.00444 )

[node name="grass_leafs93" parent="GrassStones" instance=ExtResource( 3 )]
transform = Transform( -0.856835, 0, -0.515591, 0, 1, 0, 0.515591, 0, -0.856835, -0.10765, 0.109758, 1.43917 )

[node name="grass_large94" parent="GrassStones" instance=ExtResource( 4 )]
transform = Transform( -0.136546, 0, -0.990634, 0, 1, 0, 0.990634, 0, -0.136546, -1.10901, 0.0917284, 1.21718 )

[node name="grass_large95" parent="GrassStones" instance=ExtResource( 4 )]
transform = Transform( 0.466402, 0, -0.884573, 0, 1, 0, 0.884573, 0, 0.466402, -1.14811, 0.0917284, 1.5994 )

[node name="grass_leafs94" parent="GrassStones" instance=ExtResource( 3 )]
transform = Transform( 0.466402, 0, -0.884573, 0, 1, 0, 0.884573, 0, 0.466402, -0.858349, 0.109758, 1.25417 )

[node name="grass_leafs95" parent="GrassStones" instance=ExtResource( 3 )]
transform = Transform( -0.122337, 0, -0.992489, 0, 1, 0, 0.992489, 0, -0.122337, -0.489183, 0.109758, 1.56498 )

[node name="grass_large96" parent="GrassStones" instance=ExtResource( 4 )]
transform = Transform( -0.966658, 0, 0.25607, 0, 1, 0, -0.25607, 0, -0.966658, -0.77032, 0.0917284, 1.56338 )

[node name="grass_leafs96" parent="GrassStones" instance=ExtResource( 3 )]
transform = Transform( -0.966658, 0, 0.25607, 0, 1, 0, -0.25607, 0, -0.966658, -1.02182, 0.109758, 1.92848 )

[node name="grass_large97" parent="GrassStones" instance=ExtResource( 4 )]
transform = Transform( -0.990783, 0, 0.135456, 0, 1, 0, -0.135456, 0, -0.990783, 0.49837, 0.0917284, 1.95789 )

[node name="grass_large98" parent="GrassStones" instance=ExtResource( 4 )]
transform = Transform( -0.884059, 0, -0.467374, 0, 1, 0, 0.467374, 0, -0.884059, 0.116109, 0.0917284, 1.91921 )

[node name="grass_leafs97" parent="GrassStones" instance=ExtResource( 3 )]
transform = Transform( -0.884059, 0, -0.467374, 0, 1, 0, 0.467374, 0, -0.884059, 0.461657, 0.109758, 2.20859 )

[node name="grass_leafs98" parent="GrassStones" instance=ExtResource( 3 )]
transform = Transform( -0.992622, 0, 0.121246, 0, 1, 0, -0.121246, 0, -0.992622, 0.151248, 0.109758, 2.57809 )

[node name="grass_large99" parent="GrassStones" instance=ExtResource( 4 )]
transform = Transform( 0.255007, 0, 0.966939, 0, 1, 0, -0.966939, 0, 0.255007, 0.152538, 0.0917284, 2.29696 )

[node name="grass_leafs99" parent="GrassStones" instance=ExtResource( 3 )]
transform = Transform( 0.255007, 0, 0.966939, 0, 1, 0, -0.966939, 0, 0.255007, -0.212839, 0.109758, 2.04585 )

[node name="grass_large100" parent="GrassStones" instance=ExtResource( 4 )]
transform = Transform( -0.59259, 0, 0.805505, 0, 1, 0, -0.805505, 0, -0.59259, 0.659913, 0.0917284, 1.50706 )

[node name="grass_large101" parent="GrassStones" instance=ExtResource( 4 )]
